
Square:
P1: -30.0601769485,-51.1738226147
P2: -30.0601863448,-51.1738936547
P3: -30.0602160358,-51.1738959643
P4: -30.0602055688,-51.1738315906
P5: -30.0601764414,-51.1738295218

Obstacles:
	Well: -30.0602286969,-51.1737797779
	Post: -30.0602208485,-51.1738229793
	Tree: -30.0602157823,-51.173904416