
Virtual Arena:
	Global Coordinates:
		P0:	-30.0602102056,-51.1738922207
		P1:	-30.0601699329,-51.1737742479
		P2:	-30.0601782858,-51.1740096079
		P3:	-30.060222254,-51.1740053234
		P4:	-30.0602175322,-51.173940258
		P5:	-30.0602265447,-51.1739054999
		P6:	-30.0602281815,-51.1738308305
		P7:	-30.0602286969,-51.1737797779
	Local Coordinates (relative to P0):
		P0:	0.0,		0.0
		P1:	11.364583,	4.4797
		P2:	-11.320282,	3.519631
		P3:	-10.899889,	-1.351829
		P4:	-4.629055,	-0.81907
		P5:	-1.277216,	-1.812646
		P6:	5.920414,	-1.983078
		P7:	10.841441,	-2.032711999

Obstacles:
	Global Coordinates:
		Well: -30.0602286969,-51.1737797779
		Post: -30.0602208485,-51.1738229793
		Tree: -30.0602157823,-51.173904416
	Local Coordinates (relative to P0):
		Well: 10.8414412908,-2.0325296335
		Post: 6.6759533706,	-1.1691806717
		Tree: -1.1745529239,-0.6197298011

NOTE: P7 = Well
NOTE: P0 = Center