
Virtual Arena:
	P1: -30.0601699329,-51.1737742479
	P2: -30.0601782858,-51.1740096079
	P3: -30.060222254,-51.1740053234
	P4: -30.0602175322,-51.173940258
	P5: -30.0602265447,-51.1739054999
	P6: -30.0602281815,-51.1738308305
	P7: -30.0602286969,-51.1737797779

Obstacles:
	Well: -30.0602286969,-51.1737797779
	Post: -30.0602208485,-51.1738229793
	Tree: -30.0602157823,-51.173904416

NOTE: P7 = Well
